0 0 0 0 0 0 0 0 0 0 0 0 0 0 0 0 0 0 0 0 0 0 0 0 0 0 0 0 0 0
0 0 0 0 0 0 0 0 0 0 0 0 0 34 0 0 0 0 0 0 0 0 0 0 0 0 0 0 0 0
0 0 0 0 0 0 0 0 0 0 0 0 0 0 34 0 0 0 0 0 0 0 0 0 57 0 0 0 0 0
0 0 0 0 0 0 0 0 0 0 0 0 0 0 0 34 0 0 0 0 0 0 0 0 56 0 0 0 0 0
0 0 0 0 0 0 0 0 0 0 0 0 0 0 0 0 34 0 0 0 0 58 0 0 55 0 0 0 0 0
0 0 0 0 0 0 0 0 0 0 0 0 0 0 0 0 0 0 34 34 34 34 34 34 34 34 34 34 34 34
0 0 0 0 0 0 0 0 0 0 0 0 0 0 0 0 0 34 0 0 0 0 0 0 0 0 0 0 0 0
0 0 0 0 0 0 0 0 0 0 0 0 0 0 0 0 34 0 0 0 0 0 0 0 0 0 0 0 0 0
0 0 0 0 0 0 0 0 0 0 0 58 0 0 0 34 0 0 0 0 0 0 0 0 0 0 0 0 0 0
0 57 57 57 57 57 0 0 34 34 34 34 34 34 34 0 0 0 0 0 0 0 57 0 0 0 0 0 0 0
0 56 56 56 56 56 0 34 0 0 0 0 52 0 0 0 0 0 0 0 0 0 56 0 0 0 58 0 0 0
0 55 55 55 55 55 0 0 0 0 0 0 0 0 0 0 0 0 0 0 0 0 55 0 0 0 0 0 0 0
0 34 34 34 34 34 34 34 52 52 52 34 34 34 34 34 34 34 34 34 34 34 34 34 34 34 0 34 34 34
0 34 34 34 53 53 53 34 54 54 54 34 34 34 34 34 34 34 34 34 34 34 34 34 34 34 0 34 34 34
0 34 34 34 53 53 53 34 54 54 54 34 34 34 34 34 34 34 34 34 34 34 34 34 34 34 0 34 34 34
0 34 34 34 53 53 53 34 34 34 34 34 34 34 34 34 34 34 34 34 34 34 34 34 34 34 0 34 34 34
0 34 34 34 53 53 53 34 34 34 34 34 34 34 34 34 34 34 0 0 0 0 0 0 0 0 0 0 0 34
34 34 34 34 34 34 34 34 34 34 34 34 34 34 34 34 34 34 0 0 0 0 0 0 0 0 0 0 0 34
34 34 34 34 34 34 34 34 34 34 34 34 34 34 34 34 34 34 0 0 0 0 0 0 0 0 0 0 0 34
34 34 34 34 34 34 34 34 34 34 34 34 34 34 34 34 34 34 34 34 34 34 34 34 34 34 34 34 34 34